0001 342.025940393812447837 10 72 54.880000
0001 35.272271912190880983 0 1 443.560000
0001 35.272195368233219881 0 1 658.890000
0001 7940.634729616795993934 10 72 25.240000
0001 288.319048371102269357 10 72 63.400000
0002 665.189652673857608534 10 72 172.610000
0002 220.357549987528386737 10 72 58.730000
0002 22.975392821054359871 0 1 935.930000
0002 2152.845803072798844369 10 72 41.450000
0002 22.975397035313648075 0 1 784.610000
0003 32120.786903601270751096 10 72 36.590000
0003 2292.076790067105775961 10 72 59.320000
0003 21.784333452311763324 0 1 765.870000
0003 366.629319894454283713 10 72 48.200000
0003 21.784379824759685818 0 1 618.170000
0004 25.595009601893412565 0 1 776.850000
0004 25.595009818754178355 0 1 499.540000
0004 25.595009538261905391 0 1 575.310000
0004 25.595009531485011678 0 1 634.190000
0004 25.595009537604134664 0 1 740.320000
0005 466.148850797051977679 10 72 549.110000
0005 293.890287676654452298 0 1 514.020000
0005 293.890287673127147627 0 1 470.090000
0005 293.890287729667306849 0 1 432.210000
0005 293.890287679143114019 0 1 519.580000
