0001 34.635464626378585251 0 1 644.520000
0001 34.635498363666826549 0 1 578.420000
0001 34.635560999601359811 0 1 449.300000
0001 34.635523666814691524 0 1 294.480000
0001 34.635482402093629162 0 1 443.860000
0002 23.249280646870303713 0 1 1174.660000
0002 23.249280410197339819 0 1 660.970000
0002 23.249280481415556920 0 1 922.520000
0002 23.249281246093175923 0 1 1150.000000
0002 23.249281825674348312 0 1 1022.480000
0003 21.799277242096685825 0 1 688.710000
0003 21.799311871096879401 0 1 373.360000
0003 21.799263549328905754 0 1 669.280000
0003 21.799255627175263328 0 1 483.890000
0003 21.799259943591806632 0 1 573.570000
0004 24.728615962117952876 0 1 435.540000
0004 24.728616628903580477 0 1 587.550000
0004 24.728616140254516154 0 1 739.980000
0004 24.728616093473956283 0 1 613.630000
0004 24.728616018192852266 0 1 657.030000
0005 277.894632333628464949 0 1 441.450000
0005 278.037895403987363352 0 1 441.770000
0005 277.894632319619404370 0 1 548.750000
0005 277.894632316616252865 0 1 1134.530000
0005 278.037895401597211276 0 1 656.130000
