 0001    184.813470528772484158 10 72
 0001    140.699244364226387916 10 72
 0001     65.976442422115809450 10 72
 0001     35.189521582491153140 0 1
 0001     91.959875040422446091 10 72
 0002     23.105935604643946135 0 1
 0002     23.105971539549351235 0 1
 0002     23.105928501488648408 0 1
 0002     23.105930954124698218 0 1
 0002     23.105947058429805452 0 1
 0003     21.768171727753941269 0 1
 0003     21.768175283827897459 0 1
 0003     21.768167243217614981 0 1
 0003     21.768186425076919477 0 1
 0003     21.768285481484955568 0 1
 0004     26.426916398385841944 0 1
 0004  31429.532342928745492827 10 72
 0004     26.426917195164850938 0 1
 0004     26.426916213640030406 0 1
 0004     26.426914150171626261 0 1
 0005    284.796520450457592233 0 1
 0005    550.474331495702131178 10 72
 0005    284.796520462346279601 0 1
 0005    284.796520556641553412 0 1
 0005    426.528536711056915465 10 72
