0001 35.272358360820462053 0 1 616.630000
0001 35.272174097404501936 0 1 549.220000
0001 35.272117789638713248 0 1 269.220000
0001 35.272158264519703152 0 1 414.710000
0001 35.272121240703398826 0 1 432.320000
0002 22.975393998866110223 0 1 980.880000
0002 22.975406029650436324 0 1 910.890000
0002 22.975392649334828832 0 1 724.680000
0002 22.975393241659183730 0 1 865.450000
0002 22.975398546846307113 0 1 1026.540000
0003 21.784325424066782517 0 1 433.500000
0003 21.784304907195910062 0 1 557.890000
0003 21.784322452215736377 0 1 610.450000
0003 21.784369821049907046 0 1 352.710000
0003 21.784340835644165679 0 1 604.790000
0004 25.595009521160712040 0 1 515.580000
0004 25.595009528272626653 0 1 388.670000
0004 25.595009555937672019 0 1 496.070000
0004 25.595009537267351618 0 1 439.850000
0004 25.595009574758087467 0 1 586.940000
0005 293.890287699074008287 0 1 494.450000
0005 293.890287669575741347 0 1 571.110000
0005 293.890287685321368372 0 1 481.820000
0005 293.890287686353872232 0 1 556.800000
0005 487.407418160500071735 0 1 6535.280000
