0001 33.236750830575367388 0 1 366.800000
0001 33.236748467151478792 0 1 753.150000
0001 33.856789054087357727 0 1 632.360000
0001 33.236807301275227644 0 1 687.310000
0001 38.532388913660682306 0 1 740.080000
0002 26.050837760677474364 0 1 457.010000
0002 24.607449982310690473 0 1 444.160000
0002 26.050841170780692835 0 1 526.400000
0002 26.050838375855590812 0 1 802.800000
0002 23.271634327209568482 0 1 855.660000
0003 19.765245785762282082 0 1 1071.800000
0003 19.765257100258825318 0 1 420.090000
0003 19.765238494190516150 0 1 783.480000
0003 19.765282156000253622 0 1 641.230000
0003 19.765242613469581556 0 1 635.870000
0004 28.199510644256470471 0 1 654.800000
0004 28.199509693449844150 0 1 1081.980000
0004 28.199509095985277440 0 1 820.400000
0004 28.199511380433015972 0 1 810.950000
0004 28.199511023160738432 0 1 796.420000
0005 203.507838305219053154 0 1 668.710000
0005 213.975905973691226336 0 1 503.920000
0005 203.507838239252066614 0 1 626.740000
0005 208.761438905981179914 0 1 489.060000
0005 208.761439153806804825 0 1 696.810000
