0001 35.056460181785496388 0 1 7083.950000
0001 35.056390432818893999 0 1 9142.160000
0001 35.056439523824472815 0 1 4940.910000
0001 35.056388357573041503 0 1 6184.560000
0001 35.056512774874505567 0 1 5952.060000
0002 22.989279960474370057 0 1 15317.160000
0002 22.989285281273716066 0 1 14141.560000
0002 22.989274965609929779 0 1 14354.170000
0002 22.989277654568578413 0 1 9736.570000
0002 22.989275471019382735 0 1 10742.860000
0003 21.778689535588799941 0 1 7306.400000
0003 21.778731684158778137 0 1 6992.330000
0003 21.778715517439458438 0 1 5968.520000
0003 21.778686596172470047 0 1 5154.030000
0003 21.778703499229358442 0 1 6979.460000
0004 25.632320540013278531 0 1 7653.300000
0004 25.632320847007058262 0 1 6574.780000
0004 25.632320578219502494 0 1 8695.480000
0004 25.632320538230395357 0 1 6739.000000
0004 25.632320528305282181 0 1 9277.510000
0005 288.699198287602484925 0 1 6334.330000
0005 288.699198294323082337 0 1 7553.430000
0005 288.699198337451775842 0 1 7164.020000
0005 288.699198290379854370 0 1 8156.160000
0005 288.699198349002131181 0 1 5521.130000
