0001 33.509601748415413169 0 1 407.830000
0001 35.507621975708019590 0 1 795.430000
0001 35.085603645904626546 0 1 448.220000
0001 33.509627472132365256 0 1 450.860000
0001 37.316536629455832497 0 1 667.140000
0002 24.908880154761227743 0 1 704.570000
0002 169.780670020005572951 10 72 30.230000
0002 151.146975979532896872 10 72 50.020000
0002 24.846425784861217778 0 1 849.630000
0002 23.830814381878468566 0 1 1101.820000
0003 20.362635433055899625 0 1 714.480000
0003 3804.391832863379931950 10 84 54.930000
0003 22.270143434635215840 0 1 1056.480000
0003 347.291255231898219336 10 42 8.800000
0003 20.362641154154317746 0 1 392.950000
0004 28.260835695403482504 0 1 569.180000
0004 27.671969536366489706 0 1 931.150000
0004 23.692752578817149356 0 1 623.390000
0004 28.260835020248030958 0 1 790.890000
0004 27.671970723308664475 0 1 764.730000
0005 108.642767152943534370 0 1 633.170000
0005 108.642767157568172820 0 1 737.060000
0005 107.053396061523159233 0 1 749.610000
0005 259.252726140160291379 0 1 554.060000
0005 108.642767153798786239 0 1 868.520000
