0001 34.757707065047640071 0 1 8035.810000
0001 34.757718220301278222 0 1 5744.150000
0001 34.757712647324737532 0 1 3308.050000
0001 33.716603483452345813 0 1 3341.520000
0001 34.757764608944604845 0 1 7782.770000
0002 23.331864026800417378 0 1 7666.860000
0002 23.132129160116086553 0 1 6793.780000
0002 22.668175430190608211 0 1 7161.720000
0002 23.241285555078604830 0 1 7053.060000
0002 23.766454512448127900 0 1 8901.790000
0003 21.645405980060047568 0 1 8376.500000
0003 21.583688324862929875 0 1 8265.870000
0003 294.953255240723251518 10 72 178.320000
0003 21.697897470509150963 0 1 6567.520000
0003 21.956531515122055254 0 1 7835.280000
0004 22.494063880467660255 0 1 7955.480000
0004 22.494066152780597179 0 1 5446.510000
0004 26.126167255488997654 0 1 6544.760000
0004 26.126166689147783728 0 1 7427.270000
0004 26.227253703296117493 0 1 6852.280000
0005 260.574469940830113046 0 1 5450.450000
0005 279.952319041247733367 0 1 6514.080000
0005 299.221563274771028773 0 1 5555.860000
0005 299.221563489570257843 0 1 5444.990000
0005 279.952319044711657625 0 1 4403.820000
